1	27277
2	25294
3	24842
4	23827
5	23170
6	22644
7	21500
8	20357
9	19276
10	18638
11	17610
12	16377
13	15857
14	14842
15	14071
16	13519
17	12768
18	11922
19	11354
20	10972
21	10358
22	9828
23	9147
24	8808
25	8274
26	7877
27	7294
28	7138
29	6788
30	6414
31	6121
32	5961
33	5639
34	5349
35	5140
36	4878
37	4736
38	4586
39	4340
40	4092
41	3899
42	3792
43	3692
44	3554
45	3459
46	3291
47	3172
48	2978
49	2926
50	2824
51	2677
52	2553
53	2611
54	2578
55	2398
56	2311
57	2323
58	2211
59	2102
60	2057
61	2041
62	1947
63	1914
64	1889
65	1773
66	1741
67	1725
68	1702
69	1594
70	1583
71	1573
72	1520
73	1430
74	1389
75	1376
76	1388
77	1350
78	1269
79	1300
80	1242
81	1178
82	1197
83	1127
84	1192
85	1169
86	1118
87	1066
88	992
89	1020
90	993
91	998
92	962
93	942
94	915
95	925
96	906
97	879
98	890
99	826
100	789
101	818
102	815
103	808
104	821
105	771
106	753
107	715
108	715
109	705
110	689
111	739
112	695
113	693
114	691
115	615
116	604
117	623
118	615
119	605
120	597
121	631
122	552
123	558
124	566
125	587
126	522
127	538
128	552
129	550
130	486
131	519
132	479
133	488
134	509
135	490
136	530
137	458
138	492
139	491
140	462
141	447
142	424
143	472
144	425
145	449
146	408
147	467
148	410
149	406
150	404
151	404
152	387
153	389
154	395
155	394
156	374
157	396
158	366
159	352
160	394
161	398
162	365
163	350
164	347
165	349
166	351
167	320
168	334
169	324
170	298
171	338
172	328
173	331
174	305
175	302
176	310
177	311
178	282
179	300
180	262
181	290
182	272
183	258
184	295
185	270
186	301
187	262
188	266
189	260
190	279
191	252
192	251
193	261
194	269
195	256
196	242
197	228
198	235
199	240
200	223
201	255
202	255
203	255
204	228
205	238
206	225
207	204
208	194
209	224
210	221
211	209
212	208
213	219
214	201
215	207
216	212
217	218
218	206
219	235
220	212
221	220
222	182
223	175
224	188
225	184
226	190
227	191
228	185
229	178
230	211
231	213
232	190
233	164
234	165
235	174
236	173
237	171
238	156
239	173
240	166
241	182
242	167
243	150
244	164
245	170
246	156
247	113
248	162
249	168
250	136
251	160
252	140
253	147
254	145
255	151
256	153
257	145
258	136
259	128
260	139
261	122
262	148
263	152
264	132
265	140
266	155
267	142
268	124
269	132
270	131
271	140
272	119
273	134
274	125
275	122
276	108
277	124
278	116
279	139
280	137
281	139
282	126
283	136
284	102
285	141
286	126
287	109
288	115
289	101
290	114
291	101
292	133
293	110
294	118
295	106
296	123
297	102
298	105
299	119
300	103
301	99
302	99
303	111
304	96
305	98
306	119
307	102
308	85
309	118
310	107
311	126
312	83
313	92
314	100
315	101
316	104
317	109
318	83
319	99
320	94
321	84
322	107
323	109
324	86
325	96
326	82
327	101
328	79
329	92
330	92
331	80
332	92
333	70
334	91
335	87
336	83
337	74
338	80
339	91
340	98
341	84
342	79
343	84
344	85
345	88
346	77
347	81
348	82
349	64
350	63
351	58
352	73
353	59
354	73
355	80
356	60
357	73
358	70
359	73
360	72
361	62
362	67
363	79
364	60
365	66
366	62
367	54
368	60
369	61
370	66
371	75
372	66
373	76
374	61
375	64
376	62
377	65
378	66
379	62
380	58
381	59
382	57
383	60
384	62
385	59
386	47
387	51
388	58
389	58
390	54
391	61
392	48
393	64
394	54
395	43
396	56
397	58
398	50
399	59
400	42
401	50
402	54
403	56
404	49
405	65
406	32
407	45
408	43
409	43
410	38
411	40
412	45
413	36
414	48
415	39
416	45
417	54
418	52
419	43
420	42
421	38
422	54
423	54
424	45
425	35
426	46
427	47
428	35
429	44
430	40
431	46
432	34
433	31
434	39
435	45
436	52
437	44
438	45
439	43
440	46
441	43
442	34
443	45
444	53
445	38
446	35
447	30
448	35
449	36
450	45
451	33
452	35
453	32
454	20
455	40
456	33
457	35
458	34
459	40
460	30
461	35
462	28
463	25
464	44
465	26
466	25
467	35
468	26
469	22
470	46
471	37
472	34
473	18
474	30
475	28
476	45
477	29
478	32
479	37
480	26
481	26
482	34
483	21
484	35
485	34
486	36
487	31
488	21
489	25
490	23
491	27
492	31
493	19
494	25
495	24
496	22
497	22
498	25
499	41
500	31
501	26
502	26
503	17
504	16
505	34
506	24
507	21
508	23
509	26
510	28
511	27
512	23
513	23
514	24
515	21
516	24
517	27
518	16
519	22
520	18
521	19
522	27
523	29
524	26
525	21
526	21
527	26
528	17
529	25
530	19
531	16
532	18
533	17
534	26
535	19
536	27
537	24
538	25
539	21
540	21
541	20
542	26
543	17
544	19
545	18
546	28
547	21
548	23
549	22
550	22
551	19
552	15
553	18
554	10
555	13
556	20
557	18
558	18
559	16
560	25
561	19
562	13
563	13
564	27
565	20
566	15
567	14
568	19
569	24
570	24
571	16
572	15
573	19
574	18
575	18
576	23
577	12
578	18
579	12
580	11
581	17
582	11
583	12
584	14
585	20
586	13
587	16
588	20
589	17
590	13
591	12
592	22
593	22
594	22
595	22
596	11
597	6
598	18
599	21
600	10
601	13
602	15
603	22
604	14
605	14
606	15
607	7
608	11
609	19
610	17
611	12
612	14
613	15
614	18
615	7
616	7
617	10
618	14
619	18
620	11
621	13
622	6
623	18
624	13
625	10
626	18
627	9
628	11
629	8
630	5
631	11
632	11
633	15
634	7
635	13
636	8
637	11
638	9
639	16
640	11
641	11
642	12
643	8
644	9
645	8
646	7
647	15
648	11
649	14
650	21
651	14
652	9
653	5
654	11
655	10
656	13
657	5
658	10
659	6
660	13
661	7
662	7
663	9
664	10
665	13
666	8
667	9
668	11
669	11
670	13
671	5
672	7
673	9
674	10
675	12
676	4
677	11
678	3
679	6
680	10
681	19
682	18
683	8
684	9
685	10
686	10
687	15
688	6
689	9
690	7
691	6
692	7
693	12
694	9
695	11
696	11
697	6
698	8
699	11
700	12
701	12
702	8
703	9
704	5
705	7
706	8
707	10
708	4
709	3
710	6
711	8
712	9
713	5
714	10
715	5
716	9
717	8
718	8
719	6
720	9
721	6
722	10
723	10
724	10
725	12
726	9
727	6
728	3
729	12
730	17
731	12
732	12
733	7
734	14
735	7
736	6
737	4
738	7
739	3
740	7
741	8
742	6
743	6
744	9
745	6
746	7
747	4
748	9
749	7
750	5
751	5
752	7
753	7
754	6
755	5
756	6
757	5
758	10
759	3
760	2
761	6
762	9
763	14
764	8
765	7
766	7
767	8
768	7
769	2
770	10
771	5
772	8
773	3
774	10
775	1
776	4
777	5
778	6
779	10
780	9
781	8
782	12
783	8
784	6
785	7
786	6
787	10
788	12
789	7
790	5
791	8
792	9
793	8
794	3
795	5
796	5
797	1
798	7
799	4
800	5
801	11
802	4
803	9
804	8
805	3
806	9
807	3
808	10
809	7
810	7
811	9
812	5
813	6
814	11
815	9
816	3
817	6
818	4
819	13
820	7
821	7
822	8
823	5
824	5
825	5
826	5
827	5
828	6
829	4
830	5
831	3
832	5
833	3
834	12
835	11
836	7
837	6
838	11
839	5
840	4
841	5
842	8
843	3
844	8
845	5
846	4
847	7
848	4
849	10
850	3
851	5
852	3
853	3
854	8
855	4
856	2
857	13
858	3
859	4
860	3
861	3
862	4
863	4
864	3
865	11
866	7
867	4
868	3
869	9
870	5
871	7
872	5
873	2
874	9
875	12
876	4
877	8
878	4
879	7
880	5
881	8
882	4
883	1
884	7
885	7
886	4
887	3
888	7
889	2
890	6
891	4
892	7
893	2
894	8
895	4
896	3
897	6
898	9
899	13
900	1
901	2
902	3
903	5
904	6
905	3
906	4
907	7
908	3
909	4
910	7
911	8
912	2
913	2
914	4
915	4
916	2
917	3
918	4
919	9
920	4
921	4
922	4
923	1
924	6
925	3
926	3
927	2
928	4
929	5
930	2
931	4
932	1
933	1
935	6
936	5
937	7
938	4
939	5
940	7
941	2
942	4
943	4
944	7
945	3
946	3
947	7
948	3
949	4
950	4
951	1
952	7
953	3
954	4
955	2
956	3
957	2
958	7
959	6
960	1
961	3
962	3
963	4
964	4
965	1
966	3
967	3
968	6
969	7
970	2
971	4
972	2
973	5
974	6
975	10
976	4
977	6
978	6
979	3
980	6
981	4
982	3
983	9
984	2
985	1
986	5
987	1
988	3
989	5
990	3
991	3
992	4
993	6
994	2
995	4
996	5
997	6
998	6
1000	1
1001	2
1003	9
1004	8
1005	2
1006	3
1007	3
1008	5
1009	7
1010	1
1011	3
1012	1
1013	3
1014	1
1015	4
1016	1
1017	2
1018	1
1019	2
1020	6
1021	3
1022	4
1023	6
1024	7
1025	5
1026	2
1027	7
1028	3
1029	5
1030	3
1031	2
1032	3
1033	3
1034	3
1035	4
1036	1
1037	3
1038	3
1039	4
1040	6
1041	3
1042	2
1043	2
1044	3
1045	7
1046	3
1047	3
1048	1
1049	2
1050	4
1051	2
1052	3
1053	2
1054	6
1055	3
1056	3
1057	6
1058	2
1059	4
1060	2
1061	3
1062	1
1063	2
1064	4
1065	2
1066	4
1067	4
1068	2
1069	3
1070	2
1071	4
1072	1
1073	5
1074	3
1075	2
1076	4
1077	2
1078	3
1079	4
1080	2
1081	1
1082	4
1083	4
1084	4
1085	3
1086	2
1087	1
1088	1
1089	4
1090	2
1091	6
1092	5
1093	4
1094	4
1095	2
1096	6
1097	3
1098	3
1099	6
1100	1
1101	2
1102	3
1103	3
1104	4
1105	4
1106	3
1107	2
1108	2
1109	5
1110	2
1111	2
1112	4
1113	1
1114	1
1115	2
1116	2
1117	3
1118	4
1119	1
1120	3
1121	5
1122	3
1123	5
1124	3
1125	1
1126	4
1127	4
1128	4
1129	3
1130	1
1131	1
1132	5
1133	2
1134	2
1135	2
1136	2
1137	5
1138	2
1139	1
1141	5
1142	3
1143	1
1144	5
1145	4
1146	2
1147	2
1148	5
1149	3
1150	3
1151	1
1152	4
1153	4
1154	2
1155	3
1156	2
1157	2
1158	2
1159	2
1161	2
1162	6
1163	5
1164	4
1165	1
1166	3
1167	2
1168	2
1169	4
1171	1
1172	2
1173	5
1174	3
1175	6
1176	4
1177	3
1178	1
1179	3
1180	2
1181	3
1182	3
1183	2
1184	2
1185	7
1186	2
1187	2
1188	3
1189	3
1190	3
1191	2
1192	2
1193	2
1194	4
1195	3
1196	2
1197	4
1198	4
1199	2
1200	7
1201	5
1202	2
1203	4
1204	2
1205	2
1206	4
1207	1
1209	2
1210	5
1211	3
1212	1
1214	3
1215	1
1216	1
1217	3
1218	1
1219	5
1220	1
1221	1
1222	4
1223	1
1224	4
1225	1
1226	6
1227	3
1229	3
1230	3
1231	5
1232	3
1233	1
1234	1
1235	2
1236	3
1237	2
1238	1
1239	1
1240	3
1241	2
1242	3
1243	2
1245	6
1246	2
1247	1
1248	2
1249	1
1250	6
1251	1
1252	5
1253	1
1255	7
1256	2
1258	1
1260	1
1261	4
1262	1
1263	1
1265	2
1266	1
1267	3
1268	1
1269	1
1270	2
1271	1
1272	3
1274	1
1276	4
1277	1
1279	3
1280	4
1281	2
1282	1
1283	2
1284	3
1285	1
1286	3
1287	1
1288	2
1289	3
1290	3
1291	3
1292	3
1293	2
1294	3
1295	2
1296	1
1297	1
1298	5
1299	4
1301	2
1303	2
1304	6
1305	4
1307	2
1308	5
1309	1
1310	1
1311	1
1312	1
1313	2
1314	2
1315	2
1317	3
1318	2
1319	2
1320	1
1321	2
1322	2
1324	2
1327	2
1328	4
1329	2
1330	2
1331	2
1332	2
1335	2
1336	2
1337	1
1338	3
1340	3
1341	6
1342	4
1343	2
1344	5
1345	1
1346	2
1347	1
1348	2
1350	1
1351	2
1352	4
1353	2
1354	2
1356	1
1357	2
1358	4
1359	1
1362	1
1364	3
1365	1
1366	1
1367	1
1369	5
1370	1
1371	2
1372	1
1373	4
1374	2
1376	3
1377	1
1378	2
1379	4
1380	4
1381	4
1382	1
1383	1
1385	5
1386	4
1387	2
1388	3
1391	3
1392	1
1393	6
1394	4
1395	3
1396	2
1398	7
1399	1
1400	4
1401	1
1402	1
1403	2
1404	2
1405	1
1406	1
1407	1
1408	3
1409	2
1410	3
1411	2
1412	1
1413	2
1415	1
1416	1
1417	1
1418	2
1420	2
1421	4
1422	2
1424	3
1425	4
1426	5
1427	1
1428	1
1429	1
1430	1
1431	2
1432	4
1433	1
1434	6
1435	4
1436	1
1437	2
1438	1
1439	3
1440	2
1441	2
1442	2
1443	4
1445	1
1446	4
1447	1
1449	1
1450	3
1451	3
1452	2
1455	3
1456	4
1457	1
1458	2
1459	1
1461	2
1463	2
1465	4
1466	1
1467	1
1468	1
1469	4
1470	2
1471	2
1472	1
1473	2
1474	1
1475	1
1477	2
1479	3
1480	1
1482	5
1485	1
1486	3
1487	1
1488	2
1490	2
1492	2
1493	3
1494	1
1495	1
1496	4
1497	4
1499	2
1501	1
1505	4
1506	1
1507	3
1509	1
1510	3
1511	3
1512	1
1513	1
1514	1
1515	1
1516	2
1517	3
1518	1
1519	1
1520	5
1521	3
1522	3
1523	1
1524	1
1526	2
1527	2
1528	1
1529	2
1530	2
1531	1
1532	1
1533	1
1534	2
1535	3
1536	1
1537	2
1538	1
1539	1
1540	2
1541	1
1542	3
1543	3
1544	2
1545	1
1548	1
1549	2
1550	3
1551	3
1552	2
1553	1
1555	3
1556	3
1558	1
1560	1
1562	1
1564	2
1565	2
1567	1
1569	1
1570	2
1573	3
1574	3
1575	1
1576	1
1577	3
1582	1
1583	1
1584	1
1586	1
1587	2
1588	4
1590	2
1592	3
1593	3
1595	1
1596	1
1597	1
1598	4
1599	5
1601	3
1602	1
1603	4
1604	1
1605	5
1606	2
1608	4
1609	2
1610	1
1611	1
1612	1
1613	2
1614	2
1617	1
1618	2
1619	2
1621	2
1622	4
1624	1
1625	1
1627	1
1628	1
1630	1
1632	2
1635	4
1636	1
1637	2
1638	1
1639	2
1640	2
1641	2
1643	3
1644	1
1647	2
1648	4
1651	2
1653	3
1654	2
1656	2
1658	1
1660	2
1661	1
1662	2
1663	2
1665	2
1666	1
1669	1
1670	1
1672	1
1674	2
1675	2
1676	2
1679	1
1681	2
1683	2
1684	1
1686	1
1687	3
1688	1
1689	1
1690	2
1691	3
1692	1
1693	1
1694	1
1698	2
1699	1
1700	2
1704	1
1705	1
1706	1
1707	1
1709	2
1710	2
1713	2
1716	1
1717	2
1719	2
1722	1
1723	1
1725	2
1726	1
1727	3
1729	1
1730	1
1731	3
1732	2
1733	1
1737	2
1738	1
1739	2
1740	1
1742	2
1743	1
1744	1
1745	1
1746	2
1747	3
1748	1
1749	1
1750	5
1751	3
1752	2
1753	1
1755	1
1756	1
1758	1
1759	1
1763	2
1764	3
1765	2
1767	1
1769	4
1770	2
1771	2
1772	1
1775	1
1777	2
1778	1
1781	1
1782	1
1786	1
1787	1
1789	2
1792	1
1793	2
1795	1
1796	2
1797	3
1802	1
1804	1
1806	2
1807	1
1808	1
1809	1
1810	2
1811	2
1812	1
1814	1
1815	2
1816	1
1817	1
1819	2
1820	1
1822	2
1823	1
1827	1
1828	3
1830	1
1832	1
1833	1
1835	1
1836	1
1838	1
1841	1
1842	1
1845	1
1846	2
1849	1
1851	2
1854	1
1856	2
1857	1
1858	3
1859	1
1861	1
1862	1
1863	2
1866	1
1867	2
1868	1
1869	2
1871	3
1872	4
1875	1
1877	1
1879	1
1880	1
1881	1
1882	2
1883	1
1885	1
1891	2
1893	3
1894	1
1896	1
1897	1
1898	1
1901	1
1902	1
1903	2
1906	1
1907	2
1908	3
1909	1
1910	1
1914	1
1915	2
1916	1
1917	2
1918	1
1919	1
1921	1
1922	2
1925	3
1926	1
1927	1
1928	1
1929	1
1931	2
1933	2
1935	1
1937	2
1938	1
1939	1
1941	2
1943	2
1947	2
1949	1
1950	2
1951	2
1952	2
1954	3
1955	1
1957	1
1960	1
1961	1
1963	1
1964	1
1966	1
1967	2
1970	1
1971	3
1972	1
1973	2
1975	1
1976	1
1978	1
1979	3
1980	1
1981	1
1983	1
1984	1
1985	1
1988	2
1989	1
1990	2
1991	2
1992	2
1993	1
1994	1
1995	1
1996	3
1998	1
1999	2
2001	1
2002	1
2003	1
2006	2
2011	1
2012	1
2013	1
2014	2
2018	1
2021	2
2029	1
2031	1
2032	1
2033	2
2034	2
2037	2
2038	1
2040	1
2041	1
2042	1
2043	1
2044	1
2045	2
2050	2
2051	1
2056	2
2058	2
2059	1
2060	2
2062	1
2064	2
2065	1
2066	3
2068	1
2069	3
2070	1
2072	1
2073	1
2075	1
2076	2
2077	3
2082	1
2083	2
2086	1
2087	1
2089	1
2091	2
2092	1
2094	1
2095	2
2099	1
2103	1
2104	1
2106	2
2109	1
2112	1
2113	1
2114	1
2115	2
2116	1
2118	1
2119	1
2126	1
2128	2
2129	1
2130	1
2131	1
2132	1
2133	2
2134	2
2139	3
2149	2
2150	1
2151	1
2153	1
2156	1
2159	1
2161	1
2162	1
2164	1
2166	1
2167	3
2169	1
2171	1
2173	2
2178	1
2180	3
2181	1
2183	1
2186	2
2187	1
2189	1
2191	1
2193	1
2194	1
2196	1
2197	1
2198	1
2200	1
2201	1
2202	1
2203	2
2204	1
2205	2
2206	1
2207	1
2209	1
2210	1
2212	1
2215	1
2216	1
2223	1
2225	1
2226	4
2228	3
2230	1
2231	3
2232	1
2233	3
2238	2
2239	1
2240	1
2242	1
2244	1
2245	1
2247	2
2249	1
2251	1
2253	1
2255	1
2256	1
2257	2
2258	1
2259	1
2260	1
2264	1
2268	1
2270	1
2272	1
2280	1
2281	2
2285	1
2288	1
2289	1
2291	1
2292	2
2294	3
2301	3
2302	1
2303	1
2310	2
2311	1
2313	1
2317	3
2318	2
2319	3
2323	1
2334	1
2336	1
2337	1
2339	1
2341	1
2343	1
2345	1
2349	1
2350	2
2355	1
2356	1
2357	1
2364	1
2367	2
2369	1
2371	1
2372	1
2374	1
2375	1
2376	3
2377	2
2380	1
2382	2
2383	1
2384	1
2388	1
2391	3
2394	1
2395	1
2398	1
2399	1
2405	1
2406	1
2407	1
2410	1
2415	1
2419	1
2420	1
2421	1
2424	1
2425	2
2431	1
2432	1
2439	1
2442	1
2446	3
2447	1
2451	1
2456	3
2458	1
2460	1
2462	1
2464	1
2465	1
2466	1
2470	2
2472	1
2473	1
2474	1
2475	1
2476	1
2485	1
2486	1
2487	2
2488	1
2489	1
2490	1
2492	1
2493	2
2495	2
2497	1
2500	1
2503	1
2505	2
2509	2
2516	1
2525	1
2528	1
2529	1
2530	1
2533	2
2538	1
2539	1
2540	1
2553	2
2555	1
2556	1
2561	1
2566	1
2568	2
2569	1
2570	1
2579	1
2583	1
2584	1
2586	1
2588	1
2590	1
2594	1
2595	2
2596	1
2597	2
2598	2
2601	1
2602	1
2605	1
2606	1
2607	2
2610	1
2613	1
2614	1
2617	2
2620	1
2623	3
2624	1
2631	1
2641	1
2642	1
2644	2
2651	1
2652	2
2656	1
2657	1
2660	1
2666	1
2670	1
2679	1
2680	1
2682	1
2689	1
2690	1
2692	1
2694	1
2695	2
2698	2
2700	1
2703	1
2706	1
2710	1
2719	3
2720	1
2722	1
2725	1
2726	1
2732	1
2743	2
2744	2
2747	1
2748	1
2752	1
2753	1
2754	1
2755	1
2760	1
2761	2
2763	1
2765	1
2769	1
2770	1
2772	1
2774	1
2777	1
2781	2
2782	1
2783	2
2787	1
2788	2
2789	1
2796	1
2797	1
2798	2
2810	1
2811	1
2827	1
2829	2
2832	1
2833	2
2836	1
2840	1
2844	1
2851	1
2853	1
2858	2
2863	1
2871	2
2884	1
2885	1
2886	1
2887	2
2894	1
2895	2
2899	1
2905	1
2918	1
2923	2
2925	1
2928	1
2930	1
2933	1
2934	1
2935	1
2936	1
2966	1
2971	1
2972	1
2974	1
2980	1
2982	1
2986	1
2988	1
2994	2
3004	1
3009	1
3012	1
3014	1
3017	2
3018	1
3026	1
3042	1
3043	1
3044	1
3050	1
3053	1
3056	1
3059	1
3062	1
3063	1
3067	1
3078	1
3083	1
3084	1
3090	1
3092	1
3098	1
3102	1
3107	1
3109	1
3114	1
3116	1
3122	1
3127	1
3132	1
3136	1
3142	1
3145	1
3146	1
3147	1
3148	1
3156	1
3158	1
3163	1
3169	1
3173	1
3174	1
3202	1
3206	1
3209	1
3210	1
3214	1
3218	1
3220	2
3225	1
3235	1
3236	1
3237	1
3241	1
3255	1
3258	1
3266	1
3267	1
3276	1
3280	1
3295	1
3298	1
3314	1
3317	1
3318	1
3319	1
3332	1
3335	1
3336	1
3337	1
3339	1
3346	1
3355	1
3364	1
3366	1
3375	1
3377	1
3381	1
3386	1
3406	1
3420	1
3421	1
3424	1
3434	1
3435	1
3447	1
3452	1
3453	1
3454	1
3457	1
3459	1
3476	1
3484	1
3490	1
3504	1
3520	1
3522	1
3525	1
3526	1
3536	1
3540	1
3550	2
3562	1
3571	1
3581	1
3586	1
3592	2
3593	1
3598	1
3603	1
3614	1
3618	1
3626	1
3627	2
3656	1
3664	1
3694	1
3705	1
3706	1
3713	1
3715	1
3718	1
3726	1
3729	1
3746	1
3754	1
3778	1
3779	2
3780	1
3785	1
3787	1
3795	1
3815	1
3824	1
3826	1
3831	1
3832	1
3837	1
3848	1
3867	1
3873	1
3892	1
3893	1
3900	1
3903	1
3915	1
3918	1
3922	1
3928	1
3931	1
3936	1
3946	1
3954	1
3962	1
3965	1
3972	2
3976	1
3978	1
3980	1
3990	1
3994	1
3996	1
4003	1
4016	1
4017	1
4019	2
4024	1
4026	1
4037	1
4041	1
4056	1
4059	1
4060	1
4068	1
4072	1
4082	1
4083	1
4086	1
4092	1
4100	1
4104	1
4110	1
4142	1
4145	1
4164	1
4180	1
4185	1
4213	1
4218	1
4222	1
4225	1
4241	1
4244	1
4254	1
4269	1
4270	1
4279	1
4292	1
4293	1
4301	1
4302	1
4303	1
4308	1
4325	1
4334	1
4338	1
4344	1
4346	1
4371	1
4381	1
4387	1
4389	1
4395	1
4397	1
4420	1
4445	1
4452	1
4464	1
4468	1
4471	3
4488	1
4495	1
4501	1
4561	1
4564	1
4576	1
4586	1
4591	1
4593	1
4597	1
4598	1
4634	1
4637	1
4643	1
4664	1
4668	1
4672	1
4690	1
4730	1
4736	1
4756	1
4767	1
4776	1
4806	1
4816	1
4840	1
4846	1
4892	1
4897	1
4914	1
4930	1
4970	1
5039	2
5092	1
5135	1
5144	1
5147	1
5154	1
5204	1
5208	1
5241	1
5249	1
5294	2
5317	1
5335	1
5403	1
5441	1
5469	1
5557	1
5595	1
5599	1
5636	1
5639	1
5670	1
5680	1
5686	1
5733	1
5750	1
5773	1
5778	1
5808	1
5818	1
5886	1
5904	1
5933	1
5958	1
5992	1
5998	1
6015	1
6032	1
6071	1
6183	1
6197	1
6231	1
6290	1
6293	1
6310	1
6368	1
6392	1
6433	1
6439	1
6496	1
6563	2
6638	1
6642	1
6655	1
6866	1
6949	1
6952	1
6958	1
7034	1
7120	1
7287	1
7318	1
7453	1
7611	1
7690	1
7708	1
7894	1
7952	1
8274	1
8346	1
8378	1
8578	1
8820	1
8991	1
9005	1
9487	1
9700	1
9985	1
10601	1
11213	1
11286	1
11497	1
12983	1
14566	1
